52 5 0
56 5 0
60 5 0
64 5 0
68 5 0
72 5 0
76 5 0
80 5 0
84 5 0
88 5 0
92 5 0
96 5 0
100 5 0
104 5 0
108 5 0
52 7 0
56 7 0
60 7 0
64 7 0
68 7 0
72 7 0
76 7 0
80 7 0
84 7 0
88 7 0
92 7 0
96 7 0
100 7 0
104 7 0
108 7 0
52 9 0
56 9 0
60 9 0
64 9 0
68 9 0
72 9 0
76 9 0
80 9 0
84 9 0
88 9 0
92 9 0
96 9 0
100 9 0
104 9 0
108 9 0
52 11 0
56 11 0
60 11 0
64 11 0
68 11 0
72 11 0
76 11 0
80 11 0
84 11 0
88 11 0
92 11 0
96 11 0
100 11 0
104 11 0
108 11 0
52 13 0
56 13 0
60 13 0
64 13 0
68 13 0
72 13 0
76 13 0
80 13 0
84 13 0
88 13 0
92 13 0
96 13 0
100 13 0
104 13 0
108 13 0
52 15 0
56 15 0
60 15 0
64 15 0
68 15 0
72 15 0
76 15 0
80 15 0
84 15 0
88 15 0
92 15 0
96 15 0
100 15 0
104 15 0
108 15 0
52 17 0
56 17 0
60 17 0
64 17 0
68 17 0
72 17 0
76 17 0
80 17 0
84 17 0
88 17 0
92 17 0
96 17 0
100 17 0
104 17 0
108 17 0
52 19 0
56 19 0
60 19 0
64 19 0
68 19 0
72 19 0
76 19 0
80 19 0
84 19 0
88 19 0
92 19 0
96 19 0
100 19 0
104 19 0
108 19 0
52 21 0
56 21 0
60 21 0
64 21 0
68 21 0
72 21 0
76 21 0
80 21 0
84 21 0
88 21 0
92 21 0
96 21 0
100 21 0
104 21 0
108 21 0
52 23 0
56 23 0
60 23 0
64 23 0
68 23 0
72 23 0
76 23 0
80 23 0
84 23 0
88 23 0
92 23 0
96 23 0
100 23 0
104 23 0
108 23 0
52 25 0
56 25 0
60 25 0
64 25 0
68 25 0
72 25 0
76 25 0
80 25 0
84 25 0
88 25 0
92 25 0
96 25 0
100 25 0
104 25 0
108 25 0
52 27 0
56 27 0
60 27 0
64 27 0
68 27 0
72 27 0
76 27 0
80 27 0
84 27 0
88 27 0
92 27 0
96 27 0
100 27 0
104 27 0
108 27 0
52 29 0
56 29 0
60 29 0
64 29 0
68 29 0
72 29 0
76 29 0
80 29 0
84 29 0
88 29 0
92 29 0
96 29 0
100 29 0
104 29 0
108 29 0
52 31 0
56 31 0
60 31 0
64 31 0
68 31 0
72 31 0
76 31 0
80 31 0
84 31 0
88 31 0
92 31 0
96 31 0
100 31 0
104 31 0
108 31 0
52 33 0
56 33 0
60 33 0
64 33 0
68 33 0
72 33 0
76 33 0
80 33 0
84 33 0
88 33 0
92 33 0
96 33 0
100 33 0
104 33 0
108 33 0
